0	0	0.024726077227818263	0.18052670147008054	0.027040511670391395	1.686723570264217E-4	1.074540637047904E-5	2.9452256578604732E-5	3.107668736583438E-4	1.2363332141058595E-5	0.0019038881118655687	0.27459088546457	0.18168857799814592	0.032554367845380745	2.9940789921925337E-5	0.0010744513066454626	0.2753325978894053
1	1	3.494693345088008E-4	0.22109283801961085	4.066858062274341E-4	0.11298517128795452	0.02035447359346971	0.012851188676953871	0.3937050452788775	3.4314449414686067E-4	6.962368645066579E-4	0.21651286765801006	6.321841714142957E-4	0.001016474464357867	0.016875994859546762	0.0017426857966581439	4.3553969375664667E-4
2	2	2.9096081488587746E-5	0.1359644533280406	0.0361024016034129	5.580420511007592E-5	2.483074636924428E-5	6.805899078087983E-5	5.019169026331934E-5	6.965054478263003E-4	7.259031756567761E-4	0.2818611097054599	0.49833285991583604	0.03181158758901027	0.013427907090280503	8.130283119618572E-4	3.6262118502814745E-5
3	3	7.294853805578975E-5	0.11899719188875256	8.48919549809152E-5	1.3991008314099477E-4	6.225465952110924E-5	0.0018452572605493897	1.2583860918502946E-4	0.05365954720605937	0.3970308576060467	0.29973770241439596	1.319626832251351E-4	0.0010494910120873214	1.7346516437976502E-4	0.12679776597862955	9.091494099037644E-5
4	4	0.009895602625759921	0.16783011354038666	0.017533924918710767	1.8196085457943928E-4	0.46398213782535513	0.0023998598279018554	0.0012526300068049978	9.315657391930952E-5	0.011078712666086553	0.28419549497703644	1.716248184059988E-4	2.759516186074014E-4	0.001314570994111649	0.03967601880861245	1.1823994372140411E-4
5	5	1.3585295420595465E-4	0.1171344838301467	1.5809532555205065E-4	0.029887920222186636	1.1593761347979889E-4	0.2903540751212126	2.3435078024292217E-4	1.3339423132757003E-4	0.011186000225337526	0.2884402418869285	0.0018050906636659853	3.951449962041061E-4	0.24046062789894532	0.017830137299064307	0.001728646951499859
6	6	1.506527991942102E-4	0.06937281431735728	0.0019045274301392441	2.889413033139276E-4	0.3580748664215553	0.06260392393859814	0.0037182993393331154	1.4792622260824994E-4	0.0037585592204075115	0.3959481766830827	2.7252838983340776E-4	0.00216740133406376	0.07298502422895688	0.028418601485485282	1.8775688607085918E-4
7	7	5.0090505952963326E-5	0.11390694036361894	5.829151741297623E-5	9.607001098629105E-5	4.274749674841948E-5	0.0075914426929035335	6.613520187825708E-4	4.918394728667403E-5	0.1122139246608426	0.35587695740569175	0.03746198985503532	0.03579223857201831	0.24906997582721635	0.06981804006053843	0.017310755064964854
8	8	0.03253701699152639	0.1919740868534718	1.3695327830847415E-4	0.017786183429847356	1.0043330623391256E-4	0.0029768902272490545	0.17445691855719206	1.1555545506457714E-4	0.2474318644892414	0.25932284087899865	2.1289086917750832E-4	3.4230235744398934E-4	0.004332261850309963	0.06812713150094722	1.4666995498752145E-4
9	9	4.0465749280083784E-4	0.20491606572946344	4.7090958334582134E-4	0.010065509352501842	3.4533679643745046E-4	0.38181215227295046	0.028566262976622552	3.9733383435502424E-4	8.061865124239842E-4	0.1531658009704366	7.320186251891055E-4	0.21483331554868096	9.622396881006415E-4	0.0020178905431187588	5.043200735724952E-4
10	10	6.091199567740565E-5	0.19934169306257016	0.07977449706096	1.1682485498190668E-4	5.1982612026413325E-5	1.4247997462749616E-4	0.17559285317834514	5.9809585220338555E-5	0.002218816552809698	0.38172188833532905	0.014093278660002304	0.003672942487768491	1.448433323612316E-4	0.1401346463974097	0.00287253190991062
11	11	1.317442848609557E-4	0.16500588317920806	0.053079445724977775	0.0017648513170405494	1.124312538189362E-4	0.29518232726661003	2.272631915159155E-4	0.010714586273580316	2.624700331352072E-4	0.3129846525645123	0.03501835264384833	0.05330932618300031	0.00787415220944775	0.06416832245672387	1.6419141771961123E-4
12	12	5.590863287089175E-5	0.07579946396972609	6.506221058317103E-5	0.04117765135242007	4.77127163399242E-5	0.016173910373217137	9.64442165589232E-5	0.06936123489556785	0.33188339250990856	0.3709021410988216	0.011010468780623896	0.006579870652352726	0.030935762720945722	0.021455734158225725	0.02445524171183771
13	13	0.002284950291748576	0.09157695586317532	0.0121779442541884	0.014456844118703776	2.1007176609512537E-5	5.7578907131442855E-5	0.019255306828760775	2.417020751144493E-5	3.315829399652265E-4	0.30259563776556775	0.5108801442432418	7.159782293665354E-5	0.002883952209219772	0.04335164908568605	3.067828555356011E-5
14	14	2.1548992373506175E-4	0.14869743965611915	2.5077076788800447E-4	0.5742459734564416	1.8390021499946056E-4	5.04055047364693E-4	0.03252614451995703	2.115898980886152E-4	4.2931385966942377E-4	0.20028850431513737	3.898176619017457E-4	6.267788992444437E-4	5.124159584157526E-4	0.025808742833581463	0.015109062987456241
15	15	0.0019230773691567044	0.4391813632907632	0.28331313633266614	8.436857092798712E-6	3.7540801488276843E-6	3.637303812927153E-4	0.003441012872367827	5.481086602729754E-5	8.763875769293177E-6	0.2163045577550801	7.95761302515094E-6	0.05479611310283294	1.046029542399791E-5	5.773429560627652E-4	5.482352290242376E-6
16	16	3.211304011160729E-4	0.26582560841930347	3.737071130020436E-4	6.159051615933627E-4	2.740543445581998E-4	0.07078458196038079	5.539604236149589E-4	3.153184504758835E-4	0.011697686829707043	0.35745224302101075	5.809195156732483E-4	9.340471973665167E-4	0.28826924687548106	0.0016013690863225637	4.002212003941113E-4
17	17	1.6184752841645985E-4	0.12282806977363948	1.8834583203839857E-4	0.02074515036317728	1.3812151750311973E-4	3.7857948152655787E-4	0.0652988143529805	1.5891834499712638E-4	3.2244378715291956E-4	0.3975047967188289	0.03001603527716929	4.7075340669303463E-4	3.8485909203209395E-4	0.09369225348540879	0.267711011038436
18	18	8.232301617782297E-5	0.11728086990564003	0.005765276318630841	1.5788966228559708E-4	0.0010151673975657461	0.0720059135038511	1.4200988992831118E-4	8.083310022805877E-5	0.06725279778606302	0.3278623878461665	0.05306402151425084	0.11740859783318892	0.173114746164008	0.06466456781457347	1.02598247441678E-4
19	19	0.025786467477292994	0.10455488261954413	1.8558769674564482E-4	0.39569371270273185	1.3609886678666325E-4	0.0058645334321448745	0.03139359168877011	1.5659114565717375E-4	0.02045321409893843	0.3129722693190476	0.022254483472161222	0.002294358985281103	0.02966721183843444	0.026422250261740145	0.02216474639472355
20	20	0.2954525501860158	0.13486672325785823	1.6450841870482112E-4	2.7112565075877303E-4	0.0066109963356325765	3.3066572902620947E-4	2.438571548234121E-4	1.3880533142530358E-4	0.0067719904217984446	0.2790470843471554	0.08949811622371015	0.18051854586547783	3.361505798623953E-4	7.049335883319634E-4	0.005043946909418568
21	21	1.1108310046731167E-4	0.06517696606159336	1.2927005551227852E-4	0.026988550871421747	9.479889223897608E-5	2.5983580344252283E-4	1.9162197405624295E-4	0.4157668566622466	0.0027713551538769807	0.37992708805164344	2.0094746775354018E-4	0.00924826597644986	2.641457772277704E-4	0.09618072478111048	0.0026884893709587998
22	22	3.6494116332395736E-5	0.09806824702929531	0.008420137595924988	0.019338630707083092	8.689111197180802E-4	0.01600293401334375	6.295354184059432E-5	0.35650562922705686	0.0733773056551498	0.35729769755911817	6.601724505390476E-5	0.009321582991614716	0.032340803585684905	0.028247173406816376	4.5482205967147013E-5
23	23	5.9094095956079346E-5	0.08283138538341393	6.876921001082646E-5	1.1333825322220811E-4	0.4009189014989782	0.019130304130428308	0.006884823682458765	5.802458659904029E-5	1.1773132580329484E-4	0.3174230177113908	1.0690022957230341E-4	0.05511324638181597	1.4052052778707236E-4	0.11696029467664892	7.364830591420182E-5
24	24	7.954208467536686E-5	0.11514502197191194	9.256502256680193E-5	0.020238394917239996	6.78816262949246E-5	1.8605783771041799E-4	0.027526992987116226	7.810249917257948E-5	0.0138533593639005	0.3167869573631237	1.4389029859727563E-4	0.07053179400877868	1.891440344256029E-4	0.4349811635806401	9.913240384587189E-5
25	25	1.1816422421077232E-4	0.11002080243435958	1.3751052823545245E-4	2.2663053810587184E-4	0.5073577090802569	2.7639934433594125E-4	2.0383714364144692E-4	1.1602563927405359E-4	0.016511036306434836	0.263090604541437	2.1375710197433338E-4	3.4369515333793294E-4	2.8098406250243147E-4	0.1009555771607412	1.4726674115223532E-4
26	26	1.1150963280040965E-4	0.3354902785123849	1.297664213694197E-4	0.0014937871689706588	9.516289713721615E-5	0.266484123135074	0.041149786929294475	1.0949148540767068E-4	2.2215716641452794E-4	0.31611001375708914	2.0171905759835433E-4	0.037442009645294476	2.651600333492233E-4	5.560609589535965E-4	1.3897319886184024E-4
27	27	5.61971378961078E-5	0.0994119379643012	0.017481392764175298	0.0013978557845597801	0.011658622136958556	1.314513946313764E-4	0.0233182683150213	0.007795622198174968	0.33553111917587497	0.272835394507972	7.466965259160174E-4	0.03693055643662685	1.3363181802718754E-4	0.17895544223637558	0.01361581160348879
28	28	5.726840459554621E-5	0.15718029515278406	6.664460939622751E-5	1.0983670765529577E-4	0.47661526938917465	1.3395720732816647E-4	0.010616117232388719	5.6231937354839836E-5	0.004058091819758556	0.2668617014114822	1.0359758448717989E-4	8.239051460310355E-4	1.361791953847781E-4	0.06733354018700241	0.01584736401517634
29	29	1.3910666240346068E-4	0.07363612106380703	1.61881743445888E-4	0.0018634779991478845	1.1871434487723783E-4	0.03545237599560306	2.399635330845892E-4	0.4711575905829678	0.021033995563036686	0.2985418119794355	2.516416218131016E-4	0.0020012901670797816	3.3078332620843566E-4	0.09489787835119831	1.733670658911182E-4
30	30	0.004799623402223028	0.21978473736836088	5.3550114442395834E-5	8.825572417939637E-5	0.0058492348326284185	1.0763696940825824E-4	6.075579752300695E-4	0.010608754978544518	0.35185861182598166	0.33960638903434487	8.324247910676907E-5	0.024430058424236328	0.026518351448382164	0.015018467408361052	5.855280145701653E-4
31	31	0.0011440681191289717	0.11243673735661992	5.5575526844718956E-5	9.159379806010199E-5	4.0755752440876884E-5	0.0012080195872757316	0.001178693232527797	4.6892307904671375E-5	0.10479289153177793	0.3425844319599102	8.639093829006994E-5	1.3890601298561175E-4	0.358059263188898	0.07807626214114649	5.9518546188889217E-5
32	32	0.004784018243316567	0.07611700760823341	0.004806122741397424	2.5894115425014835E-4	0.02645959420694944	0.006514482007468354	2.3289811556160273E-4	1.3256736363657942E-4	0.1939776194683641	0.47106292090181967	2.442323579911513E-4	0.003492033885276389	0.034413764752663875	0.17578586556485853	0.0017179316282126427
33	33	0.007086893100822079	0.08061423136569394	3.7643937313868996E-5	0.00488883495419562	0.023047700909113702	7.566518524284273E-5	0.006367762617416036	0.0211953982060269	0.014173536115316857	0.23761804411555645	5.851667541657766E-5	9.408762349585756E-5	0.03126543621775926	0.5715794749626755	0.0018967740139545317
34	34	1.1689585574944986E-4	0.15043388772834354	1.3603449758168592E-4	0.48996050712657135	9.975952764872604E-5	0.04589270512902671	0.012277338983240224	1.1478022626903536E-4	2.3288797054314917E-4	0.2602666040666791	2.1146264467696794E-4	3.400059479484435E-4	2.7796799460715516E-4	0.03949347631328339	1.4568598783094194E-4
35	35	0.05286053214970271	0.33064123279098623	8.234098869401395E-5	1.3570584605668604E-4	0.009806188675667895	1.6550729299817326E-4	1.2205721376665652E-4	6.947588649592212E-5	1.40965902696486E-4	0.30128867009339133	1.279972620481575E-4	0.0026422550543618493	0.2949788460439322	3.528386515648381E-4	0.006585386147636813
36	36	4.8321039262694623E-4	0.12822160371209287	0.07266476042522094	0.006473104307601619	4.123742472679274E-4	0.0011302831850371925	0.006379895003668731	4.744650513543234E-4	9.626850067760201E-4	0.2716401051330826	8.741195049660346E-4	0.17334205718821658	0.30619780327108526	0.013502289990286284	0.01724124358071664
37	37	0.014349445848607896	0.14535169686746918	5.799144079827777E-5	0.0018115290401397876	4.252743858763735E-5	1.1656413817489827E-4	0.004661839167130731	0.31349645213434774	0.03613430529771603	0.4072395134938853	9.014642357515188E-5	1.4494437184710857E-4	0.00755429648705259	0.029419709547796005	0.03952903830287162
38	38	5.6269729994310225E-5	0.27457113994696686	0.10534230300969978	1.0792132113469316E-4	0.002631501138167381	0.00981967216945591	9.706712088302281E-5	5.525133717903297E-5	1.1210442951436755E-4	0.23766497336536052	1.0179099886448924E-4	0.3689554744866895	1.3380443560915642E-4	2.8059818003975303E-4	7.012833044117605E-5
39	39	0.0012137687574018247	0.1523827334657702	3.010911089500794E-5	0.03212280622133319	3.1905413446424663E-4	0.013424346476021809	0.021723728160356528	2.540480997633173E-5	5.15461140802643E-5	0.4160534701163949	0.05142329236767604	0.07223991792282385	0.012534428575013233	0.08476658790785577	0.14168880585993693
40	40	6.125460714834048E-5	0.17796414470646643	7.128344845559044E-5	0.2525257241654175	5.227499842701209E-5	0.021235892150513507	0.0015118402479675744	0.0035755811241862615	0.008559079952648235	0.31426334245333726	1.1080855812373608E-4	0.031817082699192395	0.14216923721214675	0.046006112749300936	7.634092666834563E-5
41	41	1.9697616629096553E-4	0.22635869225766309	2.292258664361095E-4	0.004899613819822408	1.681004786804524E-4	0.056983594404947144	0.018427100750755425	1.9341121027372746E-4	0.032045222738223814	0.2735173248065188	3.563265848491282E-4	0.034486636427638336	0.3102135830751046	0.04167870223628696	2.454891765090334E-4
42	42	8.896400940625655E-5	0.14001671244725591	0.012357192148817872	1.7062661273713775E-4	7.592234557166275E-5	0.002250373875332927	1.5346582000924243E-4	0.37076064778025636	0.014473179932326092	0.3440996432988214	1.6093440258853827E-4	2.5876274361942775E-4	2.115485371857214E-4	0.030056651501413463	0.08486537454465788
43	43	0.023269194340023235	0.16482489434227027	1.3043420257111328E-4	0.016939548151817696	0.006528183406613095	0.042716879038466514	0.0014798537937785372	0.0013965610910618457	2.233003926666475E-4	0.3061581682385937	2.0275710883892946E-4	3.260085160638048E-4	0.3887913848047081	0.04558663805438659	0.0014261945181398528
44	44	1.0582105020393255E-4	0.192054435290834	1.2314648201825648E-4	2.0295721239508123E-4	9.030823133938278E-5	2.475272789938161E-4	0.38886270269438783	1.039058571286561E-4	2.1082398058285773E-4	0.3364226567412286	0.0014060540005104698	0.013668673945148896	2.516330876216598E-4	0.06611747056513535	1.318835824711448E-4
45	45	1.8368658140853513E-4	0.20476160405422023	2.1376045929263088E-4	0.019327668303753865	1.5675907823456747E-4	0.023621783052061435	3.1686534845598834E-4	0.02548085623475188	0.10789305292994886	0.402649877766819	3.3228594843921836E-4	0.04691851413663887	0.07422989818582058	0.09368446140353641	2.289265166179094E-4
46	46	0.006248733800311303	0.3089209992867002	0.020910447219773153	9.417492435599074E-5	0.005114329933734	1.1485604527278086E-4	0.031082860193068537	4.8213739830971E-5	9.782521246483512E-5	0.3167315303762005	8.882544725541149E-5	0.3089971839319831	6.80364049823675E-4	2.4485719876141826E-4	6.247986404640696E-4
47	47	9.666311086243236E-5	0.1310533206193513	0.004550527858723541	0.3430238816885449	8.249279855875534E-5	0.024635318625216035	0.0012762566936477735	9.491366195598471E-5	0.03347786907326826	0.4049449009578149	0.02236505539470083	2.811565254363731E-4	0.031296127143930506	0.0015915360297981426	0.001229979818190163
48	48	2.4315546410365617E-4	0.19011558668492964	2.8296581757765357E-4	0.006048284392578557	0.01974426368867852	0.008941662224585475	0.27393400093113346	0.02256647308864914	0.0032753958476659283	0.29856750451421754	4.398641609435898E-4	0.009080141902164728	5.782021638092461E-4	0.16587945720394107	3.0304191502185916E-4
49	49	5.327610840179807E-5	0.16823726145412535	6.199867902143439E-5	0.030677627345695003	4.5466106347835284E-5	7.361277312851555E-4	0.39573819467039817	5.231189538659772E-5	0.009890283555099747	0.30023649389928136	0.005599956151389712	0.03745700614584452	1.2668586852781488E-4	0.05102091297561274	6.639741358273794E-5
50	50	8.195969660569302E-4	0.09518648504184243	9.53784552773192E-4	0.5377950328512492	6.994482881533044E-4	0.001917129025734426	0.010821254402956455	0.057249300870916245	0.0016328574940880152	0.2725937147050152	0.0014826371807662073	0.002383898399077046	0.0019489290153216203	0.013494476742521282	0.0010214544635283943
51	51	0.02552698092896818	0.12247956309588061	5.50335736633836E-4	8.349300854731457E-5	5.368266609412073E-4	1.0182834587072345E-4	0.32086673547019195	4.27450323887538E-5	0.011579264639455907	0.3877363826881052	0.006074855719461544	1.2662081030716634E-4	0.017092482749617246	0.1071476305397299	5.425457390042782E-5
52	52	0.01882706397623744	0.3983789631863473	3.569788103782411E-4	5.415827627045686E-5	2.4098370709062604E-5	0.006224287738686183	0.18544403052561179	2.7726839810639608E-5	0.02857861429398634	0.342584766222016	5.108188984703391E-5	0.006240369529985073	0.007845971811165885	0.005326695951110633	3.5192577838061326E-5
53	53	0.3943781758329546	0.2769082928515669	0.008751406913789577	2.085995502473328E-5	9.281885683548091E-6	2.5440869266347637E-5	0.0021410297979035336	1.067945051536714E-5	1.465077863904072E-4	0.2932445391240292	0.011130371348916668	0.007397152818748757	0.0035213628287910546	1.7907569809639436E-4	0.0021358228383228936
54	54	7.38138099065251E-5	0.07635203358108617	8.58988924872255E-5	1.4156961271900167E-4	0.0017574789215981487	1.7265876196766338E-4	0.005210788735188489	7.247789708653028E-5	0.061148546999013	0.3405716998116016	0.014536657539659463	2.146965283589396E-4	0.16284616282641817	0.0800089188205274	0.25680659726238153
55	55	1.506527991942102E-4	0.13162434449889593	1.7531825842983704E-4	2.889413033139276E-4	0.25605152529070024	0.0038108121004783034	0.20776498160104315	1.4792622260824994E-4	3.001408769886978E-4	0.2489653970877831	2.7252838983340776E-4	0.009084238020901388	3.582390171617879E-4	0.14081719764659675	1.8775688607085918E-4
56	56	5.645203338665142E-5	0.08560766807642999	6.569457873406113E-5	0.09406284260567091	4.817645714945683E-5	1.3204762370943283E-4	0.0013933067262494245	0.3732818666476687	0.0020563553159780954	0.31554250839260634	1.021207826470784E-4	8.121602328484478E-4	0.056506980920728554	0.053414437434252955	0.016917382171939888
57	57	6.019652230284039E-5	0.05812083720864376	0.029089625076196474	0.39464345625568426	5.1372023349558495E-5	0.02156001500557958	1.038409657856581E-4	7.500492737863219E-4	1.1992765545864865E-4	0.4214584779410749	0.020837160890601305	1.7508897554627972E-4	0.03330836822440593	0.01757373509511285	0.0021478488864716456
58	58	0.0020934419089144213	0.03681545771255645	1.9523698828722538E-4	3.217692803706079E-4	1.4317507747913777E-4	0.004243776341889999	0.03302584384801456	0.07141462413579425	0.1620907513162759	0.4043459246233199	3.0349161878729985E-4	4.8797722972686655E-4	0.06779748607682093	0.047052754035244504	0.16966828980651782
59	59	0.22729125117349916	0.23698971267106445	0.1383559117456849	0.01176361384285168	7.188509052820445E-5	0.0011638693711513435	1.4530510459449063E-4	0.002016385509555064	1.6781527779856E-4	0.27649300553552075	0.0030528916594359384	0.00991338648880209	0.001167137582924807	0.09130284999700092	1.0497894958759753E-4
60	60	1.0492890494326846E-4	0.16032564861215282	1.2210827128335714E-4	0.5036343238824542	0.0012939322234087065	0.007471752572071043	1.810057859044522E-4	1.0302985828141421E-4	2.0904658738227176E-4	0.24566624829715675	1.8981463115270574E-4	0.0304148324385052	0.00506705305897412	0.018589025388606358	0.026627249487723267
61	61	0.0022678741183891284	0.17724481399956857	0.0022833734406269715	1.8156541603800154E-4	8.078969651432061E-5	0.031732934376689316	0.15228777080816555	9.295412543223722E-5	0.014314446327262075	0.372679352585554	1.7125184220723427E-4	0.012227988560996305	0.028476797437589532	0.0939199611760472	0.11203812608891946
62	62	1.413637917171814E-4	0.1592055573013444	1.6450841870482112E-4	0.0213647818217801	1.2064059070293666E-4	3.3066572902620947E-4	0.003489035027288232	0.5307253874794233	2.816346768688056E-4	0.2563308392399017	2.557247309275968E-4	0.0020337628799127253	0.024674984623348543	7.049335883319634E-4	1.7618010072133824E-4
63	63	0.13279889811277087	0.15340627570377674	1.8940138688963037E-4	0.009652725138008213	1.388955980138591E-4	0.026534306938694976	0.00588510105179624	1.598089780851856E-4	3.2425087308678526E-4	0.4146774679596937	0.11798564625802167	0.10882404413607197	0.004123245370166514	0.023228978601041225	0.0020709538938822733
64	64	6.476059698272601E-5	0.1257105126982043	0.06846164592288341	0.3346223269762573	5.5267028277661284E-5	1.514822837824529E-4	0.0023417016154396995	6.358853294959589E-5	0.009048970406651265	0.39171696016068697	0.018700379767163884	0.007621655719958312	0.019480553054949522	0.016676180732513073	0.0052840145032997474
65	65	1.3397277829156617E-4	0.07860726957703454	1.55907319961611E-4	2.5695021516494124E-4	1.1433306163394109E-4	3.133773214860874E-4	0.024835172733320733	1.315480836134744E-4	0.03102199143852348	0.36287374865240235	0.0033178626762007933	0.0019274303560934318	0.30940714596046887	0.16367000982630234	0.023233279999501723
66	66	1.1428896599958385E-4	0.23103562125950844	0.008003927695444538	2.1919806977997413E-4	0.013215746290608451	0.07372931906013436	0.014627184842503681	1.1222051708662102E-4	2.276943453339091E-4	0.16919403433390143	2.067468247930749E-4	0.1748046363878523	2.7176904160504574E-4	0.31409517531493825	1.4243705051027584E-4
67	67	1.429878654162608E-4	0.001835275773960977	1.6639839203427283E-4	0.006839161429367203	0.22004687744743676	0.0019756948494876695	0.005170349425945606	1.4040001196776413E-4	0.11845344685184511	0.29866525022403373	0.01010604403500398	0.0036983582220787192	0.04137076824149727	0.2912107830644522	1.7820416547233988E-4
68	68	6.505072157100359E-5	0.1553934005050554	7.570107742061042E-5	1.2476263549545484E-4	5.55146221012429E-5	1.521609176626417E-4	1.1221461796420455E-4	0.016490376659971755	0.3958589950804381	0.34269900644718726	1.1767566551745991E-4	0.003922504203991527	1.5468485607904344E-4	0.08469688000824577	8.107198129846295E-5
69	69	0.002973968733624998	0.15725706402517953	0.006622566217687512	0.03723141257735043	5.410080187709415E-5	0.035802825746401985	0.3384636648692663	6.224670893245172E-5	0.005947447357567768	0.2939509076802315	0.006663471816762994	0.011826688122329745	0.03580528540634467	0.05270646919232503	0.01463188074411786
70	70	8.744600316248701E-5	0.04127097408172886	1.0176300117287455E-4	0.012212291708741763	0.03420092702112467	2.0454598758925057E-4	1.5084720969104717E-4	0.0020932927898623488	0.4879795651489242	0.2960722016122059	1.5818835472494524E-4	0.0042692062772594205	2.0793885274758217E-4	0.119878114272378	0.0011126976786865817
71	71	0.01711201723242244	0.08043358692152176	8.937655118105227E-4	0.012307965853676564	6.033493306721453E-5	9.768643273787832E-4	0.012294328297133469	6.941950741554484E-5	0.39046818706785175	0.3010441769461329	0.005808332788189737	0.0010171282030297022	0.012340486207914782	0.05553396358993752	0.10963944261251728
72	72	5.845965581261007E-5	0.1658178831965304	6.803089687209997E-5	0.0068221841525708815	0.005417939940672957	0.31752270987004044	7.718510854194451E-4	5.740162881533883E-5	1.1646735047674133E-4	0.2858328689613099	0.046405185238411396	0.012919156235515122	8.100181563221572E-4	0.15730698602091822	7.285761031230612E-5
73	73	0.0012210209852053613	0.13775830201247377	0.004511513972910967	0.0012449125192326212	2.221214152707335E-5	6.088161479057033E-5	4.489856692317419E-5	2.555660286779509E-5	5.185410039101542E-5	0.302923771714347	0.468783214534305	0.028456796071309222	0.007829348075461793	0.04673453077533523	3.311863129194832E-4
74	74	6.447304880053042E-5	0.27241803737732634	0.008215343954474198	0.059325946545095216	5.5021633172350055E-5	1.508096764044187E-4	0.01639184837087061	6.330618893317155E-5	1.2844764592910397E-4	0.33447552092159066	1.1663066515351243E-4	0.19629511951344822	0.10597740787376955	0.005501705902739471	8.203806822925421E-4
75	75	0.005063056387555896	0.1456198222614117	0.050746090052986255	8.387017937493757E-5	3.7319036224853845E-5	6.042210269729456E-4	7.543492568727271E-5	4.2938128547622025E-5	8.712104812320118E-5	0.2755492218627697	0.19633478483986336	0.28321722564008367	1.0398503185201154E-4	0.04238040991535188	5.4499663194686045E-5
76	76	0.0046376112918714765	0.11246833086359223	1.1504197304748437E-4	1.8960020437032107E-4	8.436487137465325E-5	0.31227061098976794	0.01605617199652747	9.706761102195761E-5	0.030833542325121123	0.39938367625300275	0.016064471081650683	0.017307866516506634	0.0025044498909571134	0.08786399006322455	1.2320406796356432E-4
77	77	0.23389076061198635	0.3214540378841433	1.1676435852145704E-4	1.9243886081213036E-4	8.562796540129428E-5	0.0013863760275223053	0.004779792156397053	9.852088793288508E-5	1.998979300931071E-4	0.3258974584438183	0.016304985138434713	0.0037468728681304734	0.0889177183501871	5.003459329914425E-4	0.0024284025836280596
78	78	0.005817227256552736	0.19463056640722903	8.321961768401435E-5	0.006703686225516779	0.412110931010354	0.02150850338012496	0.011614791189892688	0.0017118503155887975	1.4247009557387505E-4	0.2823415589373633	1.2936307155396887E-4	0.02237004648467464	1.7004797055768215E-4	0.04057661408403681	8.912395329669066E-5
79	79	1.4159353982834888E-4	0.0765777758052744	1.6477578206576006E-4	0.42770600691466243	1.2083665892880584E-4	0.0019564291455447026	2.442534778141497E-4	1.390309214602592E-4	2.820923968709637E-4	0.3851402895750239	2.561403414116942E-4	4.118421942682088E-4	3.3669690052805587E-4	0.10634576991311474	1.764664332034706E-4
80	80	0.020094371913712408	0.19080715886770916	4.326651379592403E-5	0.3158654028214787	3.172906178961444E-5	8.696669410227875E-5	0.008599111170012176	0.016252960027412916	7.407128904459937E-5	0.4015605496421941	0.006468488511990368	9.616383011975254E-4	0.016731611564693594	0.010000622846255988	0.012422050774610744
81	81	0.0010824687946336846	0.1086511364301885	1.009523820456883E-4	0.13060561600921355	7.40324118288024E-5	2.0291662438240714E-4	0.007119681152095783	8.517940272205032E-5	1.728281854534683E-4	0.3504697668151327	1.5692826506013354E-4	2.5232136675100794E-4	0.3098750049470364	0.09104305237667785	1.081148367779378E-4
82	82	1.992283570037804E-4	0.10088801474152548	2.318467945272865E-4	0.4508747503993293	1.7002250987860557E-4	0.08278954639401004	0.04150543990418213	1.956226399087693E-4	3.969164470355894E-4	0.2812182030011348	3.6040076011732177E-4	5.794801359465652E-4	4.737473925843589E-4	0.03986848446639941	2.4829605641659287E-4
83	83	1.6275457765631263E-4	0.34769020426225444	1.8940138688963037E-4	0.30107861797572477	1.388955980138591E-4	3.8070117120759476E-4	0.004016986354118571	1.598089780851856E-4	0.0021923655707644556	0.29325001261064515	2.944203043284432E-4	4.7339167076710986E-4	0.03774930992836458	0.010152175717297532	0.0020709538938822733
84	84	1.880478086743594E-4	0.12544431788633242	2.1883572356220057E-4	3.6066225927639895E-4	1.604809721307882E-4	0.03281636207519557	0.006799688049047797	0.006659943882968958	0.4838636667325449	0.23737681412539424	3.4017533549880063E-4	0.002705393285544985	4.471610386215739E-4	0.1023840889601903	2.3436186501673268E-4
85	85	0.002226345507251638	0.3483894470908432	2.0763174266822887E-4	3.4219702427576665E-4	1.5226464567214993E-4	0.05366340489519794	3.077805161385173E-4	0.002223116386376656	3.5546082817195E-4	0.26618207188877246	0.004418609784088844	5.18956799525848E-4	0.20521680679262824	0.11557354312375034	2.223629746382305E-4
86	86	9.314921248682063E-5	0.2706281323485241	0.017215228211454776	1.786535331740607E-4	0.27378874601085257	0.009840477322772545	0.02795928133729806	9.146335956456732E-5	1.8557827319597104E-4	0.23840123914261563	0.020482863911077794	0.05907565802811693	2.2150057953888725E-4	0.0817219379154159	1.1609081391134469E-4
87	87	7.79758738367326E-5	0.06633696912052828	9.074238562920798E-5	1.4955215391904768E-4	9.615605524555032E-4	0.004657471988220161	1.3451092749929304E-4	0.026927030791892216	0.32057091171781155	0.24163311740811813	0.0010360725880167378	2.268024022835495E-4	1.8541972372907757E-4	0.33601966637454705	9.921959915134275E-4
88	88	0.007955116890419854	0.10865651433249883	8.875642611612221E-5	0.07193133476006115	6.508863047637293E-5	0.0010538299787202139	1.3156706334772918E-4	0.00182574398063599	0.009781651574121704	0.42981428973546904	0.12795038609024065	2.2183867573743213E-4	0.2330450788196532	0.0038820394185275823	0.0035967636239741026
89	89	1.8683797682741244E-4	0.07960177645925141	2.1742781336382274E-4	0.0025028884541372165	0.23605957074322814	4.3703493707228776E-4	0.011045034437862776	1.8345650595059793E-4	0.21482688806769085	0.3344987592616502	3.379867699561678E-4	0.002687987759905297	4.4428416561224736E-4	0.10386993318693594	0.013100133460555635
90	90	7.300966987250163E-5	0.07971030626614097	8.496309553520894E-5	9.780402403578353E-4	0.010118461758859415	1.7077778843575993E-4	0.2632619980424625	7.168831071098729E-5	0.2750136896196109	0.33853748037385883	9.700861804182389E-4	0.001050370499105178	1.736105304270825E-4	0.02969452649531985	9.099112888470744E-5
91	91	3.654003437676248E-5	0.1506179493776182	0.05037177991543425	7.008117481008097E-5	3.118345424928541E-5	0.0013437026647793887	0.002579495622227767	3.587871774199204E-5	7.279757177893938E-5	0.3397126101836768	0.15273151443924737	0.28320835408052747	8.688896636639729E-5	0.01905568436405688	4.5539433108433976E-5
92	92	7.294853805578975E-5	0.027730267476805542	0.011807249218900716	0.0763352322986197	6.225465952110924E-5	0.004357190959960775	0.004312394774870673	7.162828528314436E-5	0.32502209155625367	0.3215077944759613	1.319626832251351E-4	0.0060733584109100925	0.05794794025084164	0.11591271994784687	0.04865496646294384
93	93	0.009111732815527698	0.2528010378329004	0.07931561486484874	0.021224420837957683	7.455204221367796E-5	0.018253089878027207	1.506959539452908E-4	8.577727336717105E-5	1.7404125921813513E-4	0.17344491774121412	1.5802973795229895E-4	0.4354294847237268	0.0072266882914470785	0.0014383347801395136	0.0011115819675140924
94	94	2.2633307505837368E-5	0.10472510132721706	0.011716779065044206	4.340906643633661E-5	0.007033579468552101	5.294183917806215E-5	0.0062739446047869836	2.2223680558058585E-5	0.008098505955224622	0.3595398632324046	0.06420847029140776	0.3253198553393215	0.001612545353864411	0.11130193983238744	2.820763611104244E-5
95	95	8.68626168216652E-4	0.2304930564707775	0.0010108410056291783	0.0016659629192389276	7.412900627576257E-4	0.012001999202379082	0.0014984084921141132	8.529054130439668E-4	0.011700722231510027	0.3686620570157997	0.0015713301860795737	0.03243706201057653	0.031976072274461774	0.014301731351371047	0.29021793519604433
96	96	8.692253062661256E-5	0.12782435874191933	1.0115382368784787E-4	0.007150654852499488	7.418013702665932E-5	0.18577668137436157	1.4994420248053088E-4	0.01305553043538289	0.005161704227669505	0.4509397221326994	0.036074665888312756	2.528248519530437E-4	0.14487409826368877	0.028369227967219923	1.0833057047159649E-4
97	97	0.020046639442907216	0.28484117772476647	2.236633473901135E-4	3.6861864632495495E-4	1.640212614051992E-4	0.08648548906831419	3.31544780274732E-4	1.8871778907487418E-4	0.002588955816599997	0.25143766052260696	3.4767977091999233E-4	5.590263484821781E-4	0.3423946586402486	0.009782614837513512	2.3953200317101495E-4
98	98	0.013005202110275033	0.31513319587828953	1.0075174112631437E-4	0.036934443028204374	7.388527383292946E-5	0.21783165913513458	0.05977377168788607	8.501011029598216E-5	1.7248469275601595E-4	0.33586084940319216	0.001150356764946384	0.012176704584452823	0.00219335326397251	4.3173040603048735E-4	0.005076601919604722
99	99	0.02382147677673994	0.0879943070388842	1.4134464820511898E-4	2.3294953551674774E-4	1.0365367308502739E-4	0.086719465244416	2.0952060710438463E-4	1.1926070953552675E-4	2.4197882781798984E-4	0.4000792340040417	0.2999552370686131	3.5327819012646324E-4	0.09090653388719287	0.00897038690122207	1.5137288749873687E-4
100	100	0.0048038548034302795	0.3877981460970851	6.872259626794925E-5	1.1326142930358203E-4	0.002083883064636021	0.24822343105359185	1.0187014701083512E-4	5.798525587007223E-5	1.17651524134078E-4	0.27314899505692636	0.008240771934926096	0.07134377737353638	0.0035295686811912066	2.9448259710999534E-4	7.359838498018664E-5
101	101	2.5452122034906827E-4	0.12888798069102486	0.16097441216507072	0.05015233052501981	2.1720972532184797E-4	0.28397330480597843	0.020889012653025705	2.4991479017488224E-4	0.0034284968727612804	0.335894749597003	0.0033818468007730555	0.00950457274896553	6.052289257973059E-4	0.0012692115497740443	3.172069289604851E-4
102	102	9.072420712836252E-5	0.07301708010680603	1.055779253770653E-4	0.011628767747475302	0.06255796196898773	2.1221407353336216E-4	0.3333860353469582	0.007378478280139027	1.8074701059160597E-4	0.3592385663340207	1.6411857077897182E-4	0.027338782061481187	0.0022984187135675297	0.11916543222301768	0.003237095430137195
103	103	0.011368820101022848	0.2078239107993669	0.0313849236505755	5.5729757292285624E-5	0.001025364929012042	0.0100736412848482	0.021062038220868946	0.003363755737949107	7.249347556739434E-4	0.28715496310752003	0.0163951634868027	0.3606222703294493	7.361404753611067E-4	0.03883350140453033	0.009374841959726779
104	104	0.0020270824528104826	0.11955686520847446	0.0020536795755678617	3.115696018672661E-4	1.3863660892708622E-4	0.004109254008752694	0.02824970373717183	1.5951099325424618E-4	0.026428485198936678	0.32440194243454834	2.9387131899819675E-4	0.009795665732027921	0.32483214965767204	0.15370985979022603	0.0039317236807647
105	105	0.010581097148867468	0.2997756381445881	1.3265276435094162E-4	2.1862447735354233E-4	9.72795676699679E-5	0.31166307586112507	1.9663629344176034E-4	1.1192686103957754E-4	2.270985200506118E-4	0.28258108266895304	0.0015145942209438266	0.05528386668179691	0.0369059332632228	5.684292020571417E-4	1.4206432453920325E-4
106	106	1.192968418465128E-4	0.1014902497959653	1.388285824131844E-4	0.020768334195273016	1.0180854159706941E-4	2.7904866373860233E-4	2.0579094603171574E-4	1.1713775832800221E-4	0.0700720780637462	0.3422932752900002	0.0015851080801343306	0.007193499969944138	0.39601198186636066	0.05399767472754431	0.005625886677076678
107	107	7.204369315249078E-5	0.12909811956731349	8.38389653687475E-5	1.3817465527603268E-4	0.023215391565271526	0.005956995537051222	0.01748970955099443	8.976651418176793E-4	0.25979808251158953	0.3712699965502994	0.02907271221529026	0.02501730768189063	0.0026520894988609316	0.13514808562284034	8.978724298324222E-5
108	108	5.6016474446399675E-5	0.1055219785929937	6.518770839871447E-5	0.002036325105892913	0.02255151570825063	1.310288026042352E-4	0.001382556587331057	5.500266515463403E-5	0.008470121089852388	0.30346347429999593	1.0133286382114719E-4	0.4245186231695281	1.3320221634035087E-4	0.13144382201448432	6.981270090551401E-5
109	109	1.2825333758169978E-4	0.07819565289246462	1.4925147028732879E-4	2.459807365905329E-4	1.0945206136260469E-4	0.009132633238390028	2.2124119351475113E-4	0.40937132272316484	0.0076160437349887915	0.41068282755016067	2.3200813903791312E-4	3.7304057823472317E-4	3.049750807733605E-4	0.08160537085252062	0.001631946410927367
110	110	0.004846754493012059	0.3126104885633009	4.5201433397975177E-4	0.009661630739837555	0.0047898140398843075	0.10790857249162551	0.183461727477133	3.813908122819284E-4	7.738382746166715E-4	0.3387283794642262	7.026463742247457E-4	0.023421438448606287	0.005381963699961499	0.00639525655918911	4.8408422812046313E-4
111	111	2.2039610646914444E-4	0.22797483212941702	2.56480209843803E-4	0.3672336146285188	1.8808717670971544E-4	0.03340202659503372	3.8019047738368757E-4	0.005275868123192945	4.3908829463744646E-4	0.2503837351396827	0.002928423282519604	0.05123565749898519	0.046059229954973455	0.011217962780331135	0.0028044076023017073
112	112	0.18933984733864465	0.08480620336274333	0.10130494902592609	9.194660548095905E-5	4.0912738309006506E-5	1.1213838029621694E-4	0.0017335005766717945	4.707293098789614E-5	9.551052234026045E-5	0.3312478777942106	0.10573802050083052	0.09533566161135346	0.011119341869212132	0.021699483174665836	0.057287533568327255
113	113	8.342664855214375E-5	0.288344833126656	9.70855822728187E-5	0.007820647326809205	7.119673319058022E-5	0.009770945487962672	1.4391369179655268E-4	8.191675860782102E-5	1.6620831205657821E-4	0.29778486652716646	0.17060017913657285	2.426566497441187E-4	0.16873248266624935	4.1602058074411764E-4	0.05564362077161865
114	114	0.017997533542312903	0.08054090735058449	0.034216070923350515	0.016307016829577806	4.304447483373175E-5	1.1798129111033741E-4	8.700805510533924E-5	0.002365279840369419	1.0048704743693184E-4	0.37571748457595516	0.30924442800220314	0.0881453661362635	0.018067033326352473	0.0569874976730159	6.286093152824199E-5
115	115	3.222210919476249E-4	0.14066329599089097	0.007271763447375221	0.008362605178841047	1.147865484150075E-5	0.0023472420961401807	1.775877450090813E-4	0.0017114457010007989	0.0014162648855536718	0.36326506401204445	0.4284436439862814	9.654342140782312E-4	0.023961711258856985	0.020445937283597542	6.343044535412505E-4
116	116	2.006045633020074E-4	0.19598991563899243	2.3344831864589448E-4	0.011897549911459231	1.711969714485058E-4	0.21690996477262098	3.4604941942481147E-4	1.9697393905697806E-4	0.005004780097597808	0.2877658910273236	3.628902942550241E-4	0.21241908937243129	0.005082141766948917	0.06316949269967365	2.500112068188971E-4
117	117	0.07782602877523112	0.2580430623571718	9.273435413917875E-5	0.004726149296244753	6.800580389675815E-5	1.8639819808995332E-4	0.002881452211330167	7.824537407958776E-5	1.587591083073221E-4	0.43261398139480445	1.44153520814865E-4	0.007549083847274104	0.21513525683825033	3.9737517106814516E-4	9.93137492974392E-5
118	118	0.004124808512171965	0.0755033685389562	0.005758040964116204	0.18662715808561245	6.028601149083901E-5	0.279091914001278	1.2185927764567612E-4	6.936321976324568E-5	1.4073730298402995E-4	0.41107341695506705	1.2778969314858915E-4	0.004259636913017971	1.6797976205319806E-4	0.02467726720085141	0.008196373561843202
119	119	1.0033682523953296E-4	0.22240981894000422	0.0024201182874549233	1.9243886081213036E-4	8.562796540129428E-5	0.1994748139158004	0.002476438227463587	9.852088793288508E-5	0.07045219276256383	0.24067336307328002	1.8150763590044756E-4	0.049813951446799794	0.14995659746692394	0.0615392250497283	1.2504865469459332E-4
120	120	1.3016957128824134E-4	0.1615394997919416	1.5148143719117857E-4	0.09587208536433127	1.1108738511470489E-4	0.3095832763772434	0.015165551357395658	0.003116014628259644	0.003247533699995897	0.3062554075383703	2.3547457371009639E-4	3.7861417922944014E-4	0.004791833094314917	0.09925974213167565	1.6222886993790545E-4
121	121	1.7589852224450214E-4	0.23242167458087548	2.0469730894633932E-4	0.00841329007405744	1.501127082796778E-4	4.114463285547398E-4	3.034306921959394E-4	0.024400502872057934	0.032654154256177466	0.4542234739622936	3.1819747988600484E-4	0.020701445642241696	0.01858911198667344	0.008953075928908595	0.1980794876566071
122	122	0.00673979450982536	0.13712562751108195	6.285615933118645E-4	0.5652054455600478	4.609493089006277E-4	0.0012634233501647072	0.025730401053609058	5.303540145104644E-4	0.007275748181742739	0.24784059549584878	9.770852190216053E-4	0.001571032967204905	0.0012843801292026047	0.0026934437942415373	6.731573112860014E-4
123	123	0.01249574526343934	0.18310597329053452	0.003206233294187119	0.015679840345502433	7.68642137130973E-5	0.04466435640508294	0.009459627863905272	8.843758636314538E-5	0.01155131013754036	0.35663888426435825	1.629309029010302E-4	2.6197287079042357E-4	0.3155251451518436	0.026294298764460124	0.0207883796453783
124	124	6.275475703425981E-5	0.1535103216050954	0.0065557823875982	0.023170148220159847	5.35552340954379E-5	0.22416192802653334	0.020997125358471803	6.161899552101597E-5	1.2502434679089095E-4	0.39543098039194285	0.01596025229703243	0.14568432348648935	1.4922525570334054E-4	3.1293682437130466E-4	0.013764022813160512
